13.950600742567543 96.81857874782283 0
40.335544390220576 70.30083749086108 0
55.04606831417323 14.80059872701714 1
99.24923394230257 24.776666643148705 1
24.513545247361595 83.73820508122091 0
82.68579770774497 32.343215362915494 1
39.20112069981132 75.42874581537268 0
27.083396240183713 64.81855943116989 0
13.893975777488183 76.10868083763876 0
6.54232699251821 83.42288585616905 0
16.640820704706545 70.1674735972051 0
43.936786587228305 89.63399064997607 0
29.13838549123235 57.07195319561481 0
80.62550369758881 6.52365798152868 1
58.775202526520474 1.8623345650093497 1
30.61458530272195 83.96551674528205 0
80.44466220250015 2.4951009782529225 1
28.766871100278184 69.45207312261363 0
21.94298047717205 67.95584142057237 0
74.48289359215171 0.40435933042673733 1
29.031172462694055 69.78796216787285 0
79.82009165320943 36.33573670888497 1
2.7768366652416288 74.6681222300083 0
80.94786228821107 22.334127927798228 1
58.362579946366736 1.40738622264572 1
22.375496671161972 80.67495126580411 0
42.97819011669358 59.94740741020414 0
74.29118510261907 42.01178430797489 1
60.17569356173786 29.39653971105841 1
64.78569902165552 30.753486021854297 1
98.54814860086535 44.24479346847181 1
37.463256029609354 77.31125316431519 0
38.67669024726517 69.93654580244393 0
79.64698616095153 13.451125449025557 1
32.63517929996687 97.77082470244102 0
91.02665397756826 3.169373463813022 1
86.13885926345498 26.147652222042897 1
5.272862423078497 81.03459323143647 0
62.52751061858375 16.81076313827207 1
2.525799205823251 84.25714897499286 0
62.29676128972631 13.204172635570565 1
55.80874917847613 34.167348037359744 1
8.137279052498949 58.07995568843542 0
86.41256076752978 32.54574571909996 1
11.583123722753136 86.38194306620807 0
35.368462027097195 93.00050780813767 0
64.65575576435737 5.794007306195402 1
2.90797800237437 87.3130743185701 0
96.49276581348585 13.617493627973491 1
32.52664595220636 94.243448750953 0
24.86924673558489 70.25375297113393 0
24.851705107363387 73.79292494762196 0
75.52028190434025 35.607809947034845 1
40.51981234825796 79.35406443497386 0
79.16816980272523 41.36766597774061 1
74.10675777364308 41.34499415958464 1
12.36138824202071 75.2365682750195 0
56.73870224243691 27.25905495255651 1
40.46657719120157 61.60769641070925 0
27.24292283880112 74.17822662829894 0
59.92440490157384 6.142938710766288 1
70.43668902320152 15.400566767512975 1
59.716678204271005 7.101338501016085 1
5.597229579916069 91.36183178687202 0
77.88013154770178 37.95823798900419 1
18.559313839703226 68.51823211922081 0
0.41741995632479933 61.808605689658606 0
9.87477129535966 55.97313970000561 0
27.836408033642968 75.74598380338476 0
61.59191061332526 6.060431290649266 1
56.94401731595671 5.841439378874565 1
29.949161087186663 57.219339701263586 0
64.90288183805175 8.80714356172502 1
82.09301478185968 19.082272516723336 1
27.155655856207503 97.41923166606263 0
16.328954862497536 91.66977218221626 0
6.008209109742743 86.18911365157355 0
23.887955146550944 56.29023438314355 0
84.04880885299495 3.612558527592987 1
98.56682327719824 44.31747469401051 1
15.703478242718433 72.53570302052427 0
37.22007261821653 98.12259170800104 0
78.76532788494664 38.37628560479683 1
61.325798187560714 10.768535047968046 1
72.63217322299212 31.222334859499554 1
65.16753546850218 23.600663598111204 1
5.004198924908404 60.618701506598526 0
42.80873464552983 78.10268558575626 0
28.77085440000863 57.46915898422814 0
10.538854847016566 61.22698303107531 0
67.88561013147589 21.09431801151985 1
80.59401126835431 22.728473654102473 1
97.43026446841178 16.408214983528698 1
41.71821929682492 67.42693801416814 0
98.7323651921071 43.12942476583131 1
99.23209711339544 7.063906488662731 1
1.6570994967644614 76.26382049234873 0
64.77285441940576 2.7383188045952647 1
72.47204843104169 35.54104361437642 1
58.89849381281984 36.78581529029578 1
23.266923216943656 69.89045513006002 0
23.481532946512242 91.57268533770812 0
57.851217244577136 22.158579678383763 1
9.325582783663297 56.72832721415046 0
14.27419651027426 63.660396021742045 0
3.623453958029601 80.67600210114978 0
29.479892049001627 61.97125347821018 0
4.189897548941505 98.90898477788478 0
95.80429775833599 38.79556901495535 1
56.10997067108309 37.25838316590517 1
62.363105497247375 13.586717688473497 1
11.260914936445756 93.96503554391413 0
67.97283941892834 37.50567667071191 1
95.57067896534726 14.693138684649883 1
89.62050638893649 21.780392828251006 1
76.93695145040651 4.466805057597452 1
72.45953160678734 31.753606540947384 1
14.675579469837999 82.49583751271686 0
11.381853566510461 98.43089786540685 0
6.852640785067377 73.97529953497255 0
43.93361333656783 55.93650874641636 0
31.076168100222336 69.30296051916048 0
69.72428444750904 18.53498483068871 1
68.53617046905174 39.05323375159382 1
94.23937170213362 19.03683023749691 1
96.40914837428747 44.36108993590984 1
41.75091246964098 65.54385177260887 0
60.71461588558308 25.666654976194998 1
13.992410047043613 87.51122523018714 0
70.58978970843194 7.970556354954746 1
11.690586048702647 71.88698991580594 0
31.872240834078173 60.73825401326482 0
25.33928094698197 74.75798439550526 0
70.11819509360402 39.137334680903564 1
85.20370694878436 23.39671002956156 1
40.14383203741008 58.2881239576926 0
67.03202412559587 11.208973187562371 1
9.050376223508488 66.25502981188404 0
6.215016257479331 86.28789345958221 0
21.10174482974315 91.44971463656516 0
70.11785317070105 10.030232161620024 1
72.6467318506848 20.814968557782628 1
8.082474156394102 79.05225734501582 0
31.778771404240036 55.50636035816194 0
78.52737190124614 42.516118324371995 1
11.315516852151708 76.28835477828255 0
43.576933739048506 86.26153873908996 0
83.57846244864388 6.591924333234147 1
57.34251834697733 18.919678775929107 1
40.61393583580436 65.76484857070959 0
88.08887710459604 3.826160382351749 1
55.09681732543442 34.820480179666454 1
31.13165016512492 69.84012106290014 0
95.31378273260435 39.01423176740218 1
2.593625434389719 72.32988741371601 0
69.18620363839645 42.57186608101547 1
29.36479624798877 88.28484868248023 0
92.87087285741578 44.291333441661116 1
72.69496520176104 6.968080578895192 1
2.006695720276696 67.14886544544777 0
88.75981902456111 28.793119269400446 1
55.97999196608664 8.928383528964847 1
5.019910024715616 94.71489194536069 0
87.78059632033352 38.121007224531304 1
12.422343470845535 72.15837323161455 0
99.06433202979667 35.917523651327095 1
18.039655053480896 67.5816601260136 0
18.886198889346716 61.84624593835266 0
4.965904051629301 71.49992088210709 0
6.883670756084738 85.89268458496107 0
57.103545388081 42.19321695965696 1
88.76434480201027 43.44059621293244 1
20.690414046103985 63.38420984809007 0
68.48571892523759 15.466032658012482 1
12.823275574317439 89.17641905133327 0
93.70978579592884 36.344293293654886 1
42.25942888862988 88.16646304478478 0
32.28881598877763 73.43359713274701 0
65.89052720226891 33.84340930603915 1
40.8867748852605 59.59966502996057 0
37.135265089173465 77.52439659315003 0
99.99261092406326 44.97342232571248 1
39.14051733898698 58.900625886559354 0
38.78874772477525 56.74732133114017 0
14.701331325675136 81.26110224909138 0
89.03074970385072 22.93238302599716 1
29.139492067163612 91.77890053162173 0
18.044279570393645 65.28589048626037 0
44.941119138714456 78.47296583905757 0
28.02201435180557 90.33282429275613 0
39.43815970403714 94.13466159670612 0
27.76858856394319 90.81120363994842 0
38.75232748091111 60.5901423053738 0
73.34315865099234 26.682923148706315 1
16.68785957160231 63.66247376182581 0
94.99447544623901 42.39915892119216 1
6.898611719385302 69.94529405209289 0
31.377626646638312 66.92325050176976 0
69.197562798655 15.473433993850715 1
22.522975415036395 76.90833558681648 0
