1 1 0
1 2 0
2 1 0
2 2 0
3 2 0
3 3 0
4 2 0
5 1 0
6 3 0
7 2 0
8 3 0
9 4 0
9 2 0
9 3 0
9 5 0
9 6 0
11 2 0
10 1 0
10 2 0
10 5 0
10 4 0
10 6 0
11 1 0
11 2 0
11 3 0
11 4 0
11 5 0
11 6 0
11 7 0
11 8 0
11 9 0
12 6 0
13 4 0
54 4 0
13 6 0
13 5 0
14 6 0
13 2 0
14 5 0
16 8 0
17 6 0
18 6 0
19 5 0
12 5 0
25 4 0
40 6 0
30 4 0
46 30 0
45 36 0
2 6 1
2 5 1
2 4 1
3 4 1
3 5 1
3 6 1
4 7 1
4 8 1
4 9 1
5 9 1
5 8 1
1 9 1
5 19 1
4 9 1
4 15 1
4 51 1
3 25 1
3 26 1
3 40 1
3 24 1
3 25 1
3 45 1
4 14 1
4 45 1
4 20 1
4 16 1
4 15 1
4 26 1
5 48 1
5 64 1
5 55 1
5 15 1
10 19 1
10 26 1
10 24 1
10 44 1
10 46 1
10 54 1
11 64 1
11 54 1
11 46 1
11 45 1
11 48 1
14 20 1
14 54 1
14 36 1
14 34 1
14 39 1
